Creating networks and loading parameters
Creating networks and loading parameters
Model directory: models/pretrained
Metagraph file: model-20170216-091149.meta
Checkpoint file: model-20170216-091149.ckpt-250000
Images:
0: data/images/Anthony_Hopkins_0001.jpg
1: data/images/Anthony_Hopkins_0002.jpg
2: data/images/Alexandre_Alahi_0001.jpeg
3: data/images/Alexandre_Alahi_0002.jpeg
4: data/images/Amir_Sageghian_0001.jpg
5: data/images/Amir_Sageghian_0002.jpg
6: data/images/Haihong_Li_0001.png
7: data/images/Haihong_Li_0002.jpg
8: data/images/Lin_Sun_0001.jpeg
9: data/images/Lin_Sun_0002.png
10: data/images/Patrick_Goebel_0001.jpg
11: data/images/Patrick_Goebel_0002.jpg
12: data/images/Silvio_Savarese_0001.jpeg
13: data/images/Silvio_Savarese_0002.jpeg
14: data/images/Yutao_Liu_0003.jpeg
15: data/images/Yutao_Liu_0004.jpeg
16: data/images/Zhenkai_Wang_0001.jpg
17: data/images/Zhenkai_Wang_0003.jpg

Distance matrix
        0         1         2         3         4         5         6         7         8         9         10         11         12         13         14         15         16         17     
0    0.0000    0.6463    1.3021    1.4287    1.4365    1.5655    1.4857    1.4549    1.4544    1.4512    1.5819    1.6075    1.5804    1.6073    1.4582    1.4544    1.3749    1.3960  
1    0.6463    0.0000    1.2553    1.3990    1.4106    1.5314    1.4442    1.4639    1.4249    1.4126    1.5023    1.5850    1.5242    1.5872    1.4471    1.3970    1.3469    1.3742  
2    1.3021    1.2553    0.0000    0.9434    1.0764    1.1635    1.2522    1.3560    1.3840    1.3753    1.5990    1.4809    1.2932    1.4085    1.3967    1.4759    1.3562    1.3509  
3    1.4287    1.3990    0.9434    0.0000    1.1773    1.2190    1.3731    1.4015    1.4201    1.4046    1.4592    1.2887    1.2460    1.3591    1.3359    1.5154    1.4237    1.4274  
4    1.4365    1.4106    1.0764    1.1773    0.0000    0.7402    1.2673    1.3729    1.3503    1.3492    1.4547    1.4120    1.2434    1.2848    1.3756    1.4474    1.3998    1.3839  
5    1.5655    1.5314    1.1635    1.2190    0.7402    0.0000    1.1573    1.2818    1.2865    1.2577    1.2521    1.2038    1.2517    1.2528    1.3721    1.4307    1.4044    1.3992  
6    1.4857    1.4442    1.2522    1.3731    1.2673    1.1573    0.0000    0.6139    0.8580    0.8870    1.3425    1.4264    1.2806    1.3253    1.0485    1.1643    0.8793    0.8691  
7    1.4549    1.4639    1.3560    1.4015    1.3729    1.2818    0.6139    0.0000    0.6542    0.7711    1.3176    1.3509    1.2262    1.2497    0.9623    1.1091    0.6703    0.6953  
8    1.4544    1.4249    1.3840    1.4201    1.3503    1.2865    0.8580    0.6542    0.0000    0.5340    1.2836    1.3340    1.2112    1.2669    1.0644    1.0805    0.7129    0.7030  
9    1.4512    1.4126    1.3753    1.4046    1.3492    1.2577    0.8870    0.7711    0.5340    0.0000    1.3104    1.3497    1.1606    1.2046    1.0639    1.0256    0.8044    0.7868  
10    1.5819    1.5023    1.5990    1.4592    1.4547    1.2521    1.3425    1.3176    1.2836    1.3104    0.0000    0.8206    1.3964    1.3408    1.2994    1.3701    1.3519    1.4090  
11    1.6075    1.5850    1.4809    1.2887    1.4120    1.2038    1.4264    1.3509    1.3340    1.3497    0.8206    0.0000    1.3004    1.2148    1.3681    1.3792    1.4163    1.4612  
12    1.5804    1.5242    1.2932    1.2460    1.2434    1.2517    1.2806    1.2262    1.2112    1.1606    1.3964    1.3004    0.0000    0.5836    1.4576    1.4950    1.2973    1.2758  
13    1.6073    1.5872    1.4085    1.3591    1.2848    1.2528    1.3253    1.2497    1.2669    1.2046    1.3408    1.2148    0.5836    0.0000    1.4554    1.4788    1.3067    1.3140  
14    1.4582    1.4471    1.3967    1.3359    1.3756    1.3721    1.0485    0.9623    1.0644    1.0639    1.2994    1.3681    1.4576    1.4554    0.0000    0.9682    0.9675    0.9747  
15    1.4544    1.3970    1.4759    1.5154    1.4474    1.4307    1.1643    1.1091    1.0805    1.0256    1.3701    1.3792    1.4950    1.4788    0.9682    0.0000    1.1242    1.1564  
16    1.3749    1.3469    1.3562    1.4237    1.3998    1.4044    0.8793    0.6703    0.7129    0.8044    1.3519    1.4163    1.2973    1.3067    0.9675    1.1242    0.0000    0.3306  
17    1.3960    1.3742    1.3509    1.4274    1.3839    1.3992    0.8691    0.6953    0.7030    0.7868    1.4090    1.4612    1.2758    1.3140    0.9747    1.1564    0.3306    0.0000  
Creating networks and loading parameters
Model directory: models/pretrained
Metagraph file: model-20170216-091149.meta
Checkpoint file: model-20170216-091149.ckpt-250000
Images:
0: data/images/Anthony_Hopkins_0001.jpg
1: data/images/Anthony_Hopkins_0002.jpg
2: data/images/Alexandre_Alahi_0001.jpeg
3: data/images/Alexandre_Alahi_0002.jpeg
4: data/images/Amir_Sageghian_0001.jpg
5: data/images/Amir_Sageghian_0002.jpg
6: data/images/Haihong_Li_0001.png
7: data/images/Haihong_Li_0002.jpg
8: data/images/Lin_Sun_0001.jpeg
9: data/images/Lin_Sun_0002.png
10: data/images/Patrick_Goebel_0001.jpg
11: data/images/Patrick_Goebel_0002.jpg
12: data/images/Silvio_Savarese_0001.jpeg
13: data/images/Silvio_Savarese_0002.jpeg
14: data/images/Yutao_Liu_0003.jpeg
15: data/images/Yutao_Liu_0004.jpeg
16: data/images/Zhenkai_Wang_0001.jpg
17: data/images/Zhenkai_Wang_0003.jpg

Distance matrix
        0         1         2         3         4         5         6         7         8         9         10         11         12         13         14         15         16         17     
0    0.0000    0.6463    1.3021    1.4287    1.4365    1.5655    1.4857    1.4549    1.4544    1.4512    1.5819    1.6075    1.5804    1.6073    1.4582    1.4544    1.3749    1.3960  
1    0.6463    0.0000    1.2553    1.3990    1.4106    1.5314    1.4442    1.4639    1.4249    1.4126    1.5023    1.5850    1.5242    1.5872    1.4471    1.3970    1.3469    1.3742  
2    1.3021    1.2553    0.0000    0.9434    1.0764    1.1635    1.2522    1.3560    1.3840    1.3753    1.5990    1.4809    1.2932    1.4085    1.3967    1.4759    1.3562    1.3509  
3    1.4287    1.3990    0.9434    0.0000    1.1773    1.2190    1.3731    1.4015    1.4201    1.4046    1.4592    1.2887    1.2460    1.3591    1.3359    1.5154    1.4237    1.4274  
4    1.4365    1.4106    1.0764    1.1773    0.0000    0.7402    1.2673    1.3729    1.3503    1.3492    1.4547    1.4120    1.2434    1.2848    1.3756    1.4474    1.3998    1.3839  
5    1.5655    1.5314    1.1635    1.2190    0.7402    0.0000    1.1573    1.2818    1.2865    1.2577    1.2521    1.2038    1.2517    1.2528    1.3721    1.4307    1.4044    1.3992  
6    1.4857    1.4442    1.2522    1.3731    1.2673    1.1573    0.0000    0.6139    0.8580    0.8870    1.3425    1.4264    1.2806    1.3253    1.0485    1.1643    0.8793    0.8691  
7    1.4549    1.4639    1.3560    1.4015    1.3729    1.2818    0.6139    0.0000    0.6542    0.7711    1.3176    1.3509    1.2262    1.2497    0.9623    1.1091    0.6703    0.6953  
8    1.4544    1.4249    1.3840    1.4201    1.3503    1.2865    0.8580    0.6542    0.0000    0.5340    1.2836    1.3340    1.2112    1.2669    1.0644    1.0805    0.7129    0.7030  
9    1.4512    1.4126    1.3753    1.4046    1.3492    1.2577    0.8870    0.7711    0.5340    0.0000    1.3104    1.3497    1.1606    1.2046    1.0639    1.0256    0.8044    0.7868  
10    1.5819    1.5023    1.5990    1.4592    1.4547    1.2521    1.3425    1.3176    1.2836    1.3104    0.0000    0.8206    1.3964    1.3408    1.2994    1.3701    1.3519    1.4090  
11    1.6075    1.5850    1.4809    1.2887    1.4120    1.2038    1.4264    1.3509    1.3340    1.3497    0.8206    0.0000    1.3004    1.2148    1.3681    1.3792    1.4163    1.4612  
12    1.5804    1.5242    1.2932    1.2460    1.2434    1.2517    1.2806    1.2262    1.2112    1.1606    1.3964    1.3004    0.0000    0.5836    1.4576    1.4950    1.2973    1.2758  
13    1.6073    1.5872    1.4085    1.3591    1.2848    1.2528    1.3253    1.2497    1.2669    1.2046    1.3408    1.2148    0.5836    0.0000    1.4554    1.4788    1.3067    1.3140  
14    1.4582    1.4471    1.3967    1.3359    1.3756    1.3721    1.0485    0.9623    1.0644    1.0639    1.2994    1.3681    1.4576    1.4554    0.0000    0.9682    0.9675    0.9747  
15    1.4544    1.3970    1.4759    1.5154    1.4474    1.4307    1.1643    1.1091    1.0805    1.0256    1.3701    1.3792    1.4950    1.4788    0.9682    0.0000    1.1242    1.1564  
16    1.3749    1.3469    1.3562    1.4237    1.3998    1.4044    0.8793    0.6703    0.7129    0.8044    1.3519    1.4163    1.2973    1.3067    0.9675    1.1242    0.0000    0.3306  
17    1.3960    1.3742    1.3509    1.4274    1.3839    1.3992    0.8691    0.6953    0.7030    0.7868    1.4090    1.4612    1.2758    1.3140    0.9747    1.1564    0.3306    0.0000  
